55	50	40	40
10	93	85	120
10	216	85	80
55	300	40	40
100	10	80	120
100	135	80	120
100	260	170	115
140	380	40	40
185	10	40	40
185	52	85	120
185	175	85	80
185	380	40	80
275	90	126	165
275	260	85	75
275	340	40	35
230	380	85	80
230	463	40	39
275	463	40	39
275	505	85	35
320	545	40	40
365	260	35	35
365	300	35	35
320	340	125	80
320	425	80	76
365	505	35	35
450	10	40	40
405	52	85	35
405	90	85	80
405	175	85	120
405	300	85	35
450	340	40	80
405	425	85	35
405	465	40	35
495	10	85	115
495	130	40	40
540	130	40	40
495	175	85	75
495	255	40	40
540	255	40	40
495	300	85	35
495	340	85	35
495	380	40	40
585	50	40	35
585	90	85	80
585	175	85	75
585	255	85	40
585	300	40	35